%Frame Number	Image Center x	Image Center y	World Center x	World Center y	Area	Orientation	Compactness
0	884.007	366.938	0	0	934	-0.694655	0.354844
1	884.166	366.738	0	0	944.5	-0.696977	0.362528
2	883.985	367.028	0	0	947.5	-0.696434	0.367033
3	884.531	366.699	0	0	992.5	-0.704667	0.361401
4	884.619	366.858	0	0	993.5	-0.704885	0.366373
5	884.676	367.032	0	0	1007.5	-0.704796	0.381153
6	884.685	366.976	0	0	1000	-0.704985	0.375895
7	884.735	366.927	0	0	995.5	-0.703601	0.371816
8	884.574	367.318	0	0	991.5	-0.706848	0.365635
9	884.563	367.338	0	0	992.5	-0.707029	0.366004
10	883.411	368.676	0	0	951.5	-0.738292	0.373426
11	876.727	375.215	0	0	892	-0.868235	0.397786
12	867.348	386.376	0	0	943.5	-0.742478	0.392661
13	867.348	386.376	0	0	943.5	-0.742478	0.392661
14	859.504	393.664	0	0	974.5	-0.770752	0.385404
15	853.124	399.201	0	0	997.5	-0.794738	0.36922
16	847.773	403.952	0	0	1028	-0.815622	0.35909
17	843.573	407.717	0	0	1030	-0.818857	0.362953
18	840.32	410.215	0	0	1033	-0.822957	0.369923
19	840.363	410.194	0	0	1032.5	-0.822131	0.367441
20	837.76	412.5	0	0	1048.5	-0.812757	0.365316
21	835.529	414.167	0	0	1053.5	-0.800816	0.367058
22	833.423	415.669	0	0	1055	-0.784461	0.368522
23	832.253	416.723	0	0	1052.5	-0.765795	0.36993
24	830.82	417.829	0	0	1058.5	-0.746585	0.359863
25	830.841	417.833	0	0	1057	-0.746009	0.361553
26	829.837	418.964	0	0	1049.5	-0.74478	0.368876
27	829.635	419.728	0	0	1034.5	-0.742292	0.374734
28	830.199	419.673	0	0	1045.5	-0.738657	0.375371
29	830.129	419.867	0	0	1036.5	-0.735273	0.367521
30	830.191	419.937	0	0	1032	-0.737782	0.368214
31	830.192	419.897	0	0	1033.5	-0.737718	0.371062
32	830.241	419.903	0	0	1037.5	-0.737881	0.372499
33	829.976	419.962	0	0	1033	-0.739101	0.371847
34	829.918	419.772	0	0	1034	-0.735534	0.381724
35	830.208	419.301	0	0	1049.5	-0.740992	0.378193
36	829.985	419.484	0	0	1056.5	-0.741466	0.366776
37	829.993	419.484	0	0	1057.5	-0.741395	0.367123
38	829.999	419.328	0	0	1056	-0.739875	0.378159
39	829.999	419.328	0	0	1056	-0.739875	0.378159
40	830.002	419.318	0	0	1057	-0.739929	0.378517
41	830.002	419.318	0	0	1057	-0.739929	0.378517
42	830.055	419.272	0	0	1058.5	-0.740797	0.376694
43	830.02	419.289	0	0	1058.5	-0.741161	0.376694
44	829.998	419.375	0	0	1056	-0.739973	0.378159
45	830.112	419.37	0	0	1052	-0.740836	0.376727
46	830.179	419.396	0	0	1049.5	-0.739925	0.373491
47	830.274	419.404	0	0	1050.5	-0.739177	0.369227
48	829.54	420.318	0	0	1025	-0.741557	0.3804
49	829.522	420.318	0	0	1022.5	-0.741827	0.386828
50	829.545	420.405	0	0	1032	-0.742329	0.398063
51	829.566	420.346	0	0	1029.5	-0.741116	0.394533
52	829.59	420.388	0	0	1045	-0.741133	0.385785
53	829.905	419.865	0	0	1040	-0.741262	0.379108
54	829.863	419.847	0	0	1037	-0.741236	0.373287
55	829.872	419.847	0	0	1036	-0.741326	0.372927
56	829.838	419.77	0	0	1043.5	-0.740914	0.377994
57	829.681	419.737	0	0	1050.5	-0.739782	0.385363
58	829.628	419.704	0	0	1042	-0.739581	0.379837
59	829.643	419.69	0	0	1045	-0.73905	0.38093
60	829.624	419.408	0	0	1057.5	-0.742267	0.379679
61	829.61	419.411	0	0	1057	-0.742211	0.386733
62	829.665	419.371	0	0	1053	-0.742862	0.380443
63	829.732	419.36	0	0	1051	-0.743052	0.384538
64	830.01	419.223	0	0	1056.5	-0.743533	0.380716
65	829.977	419.297	0	0	1051	-0.742965	0.376368
66	830.065	419.376	0	0	1048	-0.740574	0.370642
67	829.818	419.695	0	0	1046	-0.738016	0.381295
68	829.78	419.823	0	0	1055	-0.740157	0.384575
69	829.63	420.041	0	0	1063	-0.741951	0.379275
70	829.655	420.051	0	0	1064	-0.741981	0.384417
71	829.243	420.459	0	0	1049.5	-0.74094	0.393456
72	829.654	420.194	0	0	1063.5	-0.74416	0.377095
73	829.681	420.176	0	0	1064.5	-0.743788	0.377449
74	830.02	419.883	0	0	1076	-0.74311	0.372594
75	829.775	420.035	0	0	1068.5	-0.747159	0.375554
76	829.759	419.921	0	0	1067	-0.745125	0.377362
77	829.863	419.624	0	0	1067	-0.741292	0.390392
78	830.101	419.219	0	0	1065	-0.740679	0.386199
79	830.087	419.223	0	0	1064	-0.740852	0.385836
80	830.03	419.193	0	0	1055.5	-0.741503	0.385175
81	829.999	419.176	0	0	1061	-0.742138	0.384748
82	829.985	419.185	0	0	1061.5	-0.74151	0.382518
83	830.013	419.124	0	0	1061.5	-0.741472	0.382518
84	829.764	419.439	0	0	1055	-0.742449	0.386001
85	829.727	419.496	0	0	1052	-0.741688	0.384904
86	829.819	419.582	0	0	1061	-0.74182	0.383333
87	829.647	419.786	0	0	1055	-0.73928	0.389476
88	829.944	419.811	0	0	1060.5	-0.742403	0.384152
89	830.155	419.711	0	0	1087.5	-0.744101	0.383624
90	830.239	419.747	0	0	1083	-0.744546	0.384419
91	830.239	419.747	0	0	1083	-0.744546	0.384419
92	830.221	419.756	0	0	1085.5	-0.743998	0.387718
93	830.217	419.75	0	0	1086.5	-0.744012	0.388075
94	830.207	419.755	0	0	1087	-0.744066	0.385839
95	830.202	419.735	0	0	1090	-0.744196	0.386904
96	830.098	419.731	0	0	1088	-0.742768	0.381428
97	830.032	419.762	0	0	1091.5	-0.743234	0.385035
98	830.263	419.377	0	0	1082.5	-0.736532	0.385235
99	830.243	419.346	0	0	1081	-0.736228	0.387112
100	830.262	419.272	0	0	1080	-0.736318	0.386753
101	830.182	419.314	0	0	1077	-0.737271	0.380899
102	830.158	419.278	0	0	1077.5	-0.736932	0.383456
103	830.193	419.14	0	0	1082.5	-0.738286	0.380475
104	830.163	419.139	0	0	1083	-0.737566	0.383021
105	830.176	419.123	0	0	1081	-0.736441	0.382313
106	830.1	419.386	0	0	1086	-0.736661	0.37935
107	830.094	419.623	0	0	1095.5	-0.742303	0.381691
108	830.325	419.479	0	0	1088	-0.739091	0.384789
109	830.312	419.537	0	0	1091.5	-0.739076	0.383638
110	830.288	419.596	0	0	1095	-0.738348	0.387265
111	830.129	419.79	0	0	1101	-0.740286	0.385986
112	830.166	419.82	0	0	1098.5	-0.741288	0.382736
113	829.833	420.167	0	0	1083.5	-0.740277	0.379447
114	829.847	420.151	0	0	1083	-0.740376	0.38163
115	830.28	419.76	0	0	1098.5	-0.74091	0.378056
116	830.279	419.772	0	0	1096.5	-0.741443	0.38204
117	830.335	419.671	0	0	1097.5	-0.740845	0.382388
118	830.364	419.449	0	0	1084.5	-0.736591	0.385947
119	830.31	419.299	0	0	1081.5	-0.739492	0.384879
120	830.237	419.291	0	0	1078	-0.738463	0.381252
121	830.22	419.278	0	0	1077	-0.738228	0.376206
122	830.195	419.251	0	0	1080.5	-0.737919	0.384523
123	830.195	419.267	0	0	1078.5	-0.737779	0.383812
124	830.198	419.251	0	0	1077	-0.7376	0.380899
125	830.21	419.21	0	0	1081.5	-0.738008	0.380123
126	830.197	419.295	0	0	1086.5	-0.739852	0.377191
127	830.202	419.461	0	0	1086.5	-0.738023	0.377191
128	830.214	419.454	0	0	1084.5	-0.738439	0.376497
129	830.242	419.46	0	0	1088.5	-0.738199	0.382584
130	830.3	419.643	0	0	1089.5	-0.741605	0.374959
131	830.341	419.637	0	0	1089.5	-0.740479	0.374959
132	830.421	419.756	0	0	1095	-0.742569	0.383882
133	830.425	419.711	0	0	1094	-0.742764	0.383532
134	830.438	419.726	0	0	1093.5	-0.742009	0.38574
135	830.42	419.725	0	0	1095.5	-0.741832	0.386446
136	830.198	419.928	0	0	1091	-0.739919	0.390693
137	830.367	419.734	0	0	1097.5	-0.741396	0.387151
138	830.157	419.701	0	0	1079	-0.735786	0.384983
139	829.882	419.78	0	0	1077.5	-0.735731	0.395268
140	829.887	419.775	0	0	1075.5	-0.736442	0.394534
141	829.719	419.775	0	0	1070.5	-0.735796	0.387774
142	829.691	419.752	0	0	1067.5	-0.735248	0.386688
143	829.672	419.729	0	0	1072	-0.735906	0.390772
144	829.907	419.384	0	0	1083.5	-0.738473	0.389014
145	829.985	419.384	0	0	1076.5	-0.738623	0.386501
146	829.96	419.436	0	0	1077	-0.73852	0.38427
147	829.987	419.411	0	0	1075	-0.738511	0.383556
148	830.026	419.384	0	0	1070.5	-0.738971	0.379577
149	830.017	419.519	0	0	1083	-0.74057	0.38641
150	829.901	419.733	0	0	1076	-0.73716	0.387326
151	829.993	419.764	0	0	1082.5	-0.735946	0.392121
152	829.956	419.782	0	0	1080.5	-0.736514	0.391397
153	829.859	420.146	0	0	1092.5	-0.741538	0.397206
154	829.758	420.251	0	0	1086.5	-0.738318	0.38525
155	829.777	420.242	0	0	1085	-0.738321	0.387124
156	830.07	419.854	0	0	1094.5	-0.742378	0.367607
157	830.074	419.861	0	0	1097	-0.743168	0.379866
158	830.089	419.832	0	0	1099	-0.743555	0.380559
159	830.066	419.874	0	0	1095	-0.742896	0.379174
160	830.087	419.677	0	0	1090	-0.741753	0.386904
161	830.119	419.532	0	0	1087	-0.741923	0.381078
162	830.332	419.113	0	0	1081	-0.738656	0.387112
163	830.239	419.082	0	0	1077.5	-0.73794	0.388283
164	830.238	419.082	0	0	1075.5	-0.737304	0.382744
165	830.185	419.097	0	0	1078.5	-0.73634	0.379069
166	830.175	419.085	0	0	1084.5	-0.737705	0.381178
167	830.337	418.928	0	0	1090.5	-0.738898	0.375303
168	830.129	419.291	0	0	1094.5	-0.740223	0.37533
169	830.105	419.315	0	0	1094	-0.739854	0.372873
170	830.116	419.357	0	0	1099.5	-0.739309	0.377045
171	830.128	419.41	0	0	1096.5	-0.739401	0.380662
172	830.176	419.428	0	0	1093.5	-0.73891	0.379621
173	830.261	419.479	0	0	1088	-0.739283	0.384789
174	830.338	419.479	0	0	1092	-0.738775	0.386204
175	830.356	419.474	0	0	1091	-0.7391	0.38585
176	830.323	419.515	0	0	1088.5	-0.738156	0.38737
177	830.309	419.509	0	0	1090.5	-0.738064	0.388082
178	830.122	419.722	0	0	1101	-0.740379	0.390809
179	830.367	419.457	0	0	1090	-0.739653	0.390335
180	830.235	419.329	0	0	1088.5	-0.739423	0.377885
181	829.858	419.408	0	0	1090.5	-0.738803	0.381899
182	829.859	419.407	0	0	1089.5	-0.738723	0.381549
183	829.994	419.219	0	0	1095	-0.73784	0.387265
184	829.927	419.232	0	0	1099.5	-0.738143	0.38645
185	830.13	418.996	0	0	1108	-0.740235	0.383675
186	830.126	418.954	0	0	1098.5	-0.74057	0.378056
187	830.192	418.94	0	0	1104.5	-0.739842	0.380121
188	830.192	418.94	0	0	1104.5	-0.739842	0.380121
189	829.945	419.245	0	0	1085.5	-0.740062	0.389732
190	829.995	419.27	0	0	1089.5	-0.740419	0.391168
191	830.144	419.419	0	0	1080	-0.740619	0.395148
192	830.341	419.364	0	0	1088.5	-0.738875	0.382584
193	830.186	419.602	0	0	1103.5	-0.740791	0.389268
194	830.163	419.622	0	0	1101.5	-0.740584	0.388562
195	829.777	420.026	0	0	1085.5	-0.73878	0.394661
196	829.766	420.029	0	0	1086	-0.738493	0.392366
197	829.775	420.029	0	0	1087	-0.738401	0.392727
198	829.804	419.987	0	0	1089	-0.738479	0.39345
199	829.713	420.062	0	0	1086	-0.739935	0.392366
200	829.747	420.011	0	0	1086.5	-0.739896	0.395025
201	830.049	419.541	0	0	1077	-0.739466	0.389114
202	830.175	419.455	0	0	1083	-0.739852	0.387828
203	830.139	419.318	0	0	1078	-0.737131	0.381252
204	829.955	419.4	0	0	1068.5	-0.740534	0.38848
205	830.169	419.258	0	0	1075	-0.738265	0.384963
206	830.169	419.258	0	0	1075	-0.738265	0.384963
207	829.984	419.466	0	0	1065	-0.739003	0.384778
208	830.026	419.445	0	0	1070.5	-0.739001	0.389207
209	829.994	419.564	0	0	1071	-0.739557	0.386946
210	830.04	419.65	0	0	1075.5	-0.739712	0.391025
211	830.104	419.623	0	0	1079.5	-0.738674	0.387578
212	830.054	419.755	0	0	1086	-0.738923	0.380727
213	829.719	420.079	0	0	1072.5	-0.738671	0.385065
214	829.85	420.05	0	0	1075.5	-0.73854	0.386142
215	829.853	420.085	0	0	1078.5	-0.738009	0.387219
216	829.829	420.212	0	0	1072.5	-0.739382	0.380286
217	829.963	420.091	0	0	1075	-0.739609	0.393319
218	829.929	420.093	0	0	1073.5	-0.740024	0.390298
219	829.924	420.11	0	0	1075	-0.740234	0.393319
220	829.969	420.023	0	0	1075.5	-0.740338	0.391025
221	829.76	419.947	0	0	1068.5	-0.740606	0.393424
222	829.898	419.677	0	0	1068	-0.73708	0.394276
223	829.902	419.668	0	0	1067.5	-0.736905	0.396606
224	829.926	419.659	0	0	1065	-0.736616	0.393168
225	829.973	419.518	0	0	1075	-0.737541	0.388391
226	829.871	419.531	0	0	1074	-0.739274	0.378458
227	829.874	419.48	0	0	1074.5	-0.73941	0.380995
228	829.878	419.454	0	0	1077.5	-0.738056	0.38686
229	829.628	419.683	0	0	1055	-0.737861	0.389476
230	829.671	419.653	0	0	1056.5	-0.73731	0.387564
231	829.818	419.631	0	0	1054.5	-0.736095	0.386831
232	829.799	419.723	0	0	1048.5	-0.735561	0.389547
233	829.975	419.676	0	0	1050	-0.738166	0.377967
234	829.966	419.747	0	0	1045.5	-0.736036	0.378718
235	829.925	419.836	0	0	1049	-0.7359	0.382388
236	829.962	419.9	0	0	1052.5	-0.734484	0.386097
237	829.834	420.242	0	0	1062	-0.740695	0.388562
238	829.834	420.242	0	0	1062	-0.740695	0.388562
239	829.746	420.272	0	0	1067	-0.742167	0.385501
240	829.539	420.361	0	0	1061	-0.73684	0.381926
241	829.641	420.208	0	0	1066.5	-0.740111	0.382911
242	829.641	420.208	0	0	1066.5	-0.740111	0.382911
243	829.658	420.08	0	0	1067.5	-0.74029	0.38327
244	829.69	419.946	0	0	1061	-0.738787	0.388196
245	829.736	419.855	0	0	1062.5	-0.739014	0.386299
246	829.973	419.453	0	0	1053.5	-0.740577	0.383027
247	829.964	419.45	0	0	1056	-0.741672	0.386367
248	829.964	419.45	0	0	1056	-0.741672	0.386367
249	829.986	419.431	0	0	1055.5	-0.742652	0.383754
250	829.993	419.414	0	0	1054.5	-0.742356	0.38339
251	829.98	419.459	0	0	1052	-0.73964	0.380082
252	830.037	419.64	0	0	1070	-0.738602	0.375118
253	830.083	419.664	0	0	1076.5	-0.739576	0.379743
254	830.045	419.704	0	0	1082	-0.73971	0.384064
255	830.071	419.696	0	0	1080.5	-0.739661	0.381154
256	830.129	419.789	0	0	1086.5	-0.738458	0.373927
257	829.924	420.083	0	0	1076	-0.735919	0.380545
258	830.254	419.962	0	0	1087.5	-0.740774	0.374271
259	830.174	419.99	0	0	1083.5	-0.740132	0.37751
260	830.083	419.943	0	0	1080.5	-0.741561	0.376465
261	830.05	420.057	0	0	1076.5	-0.737018	0.378366
262	829.885	420.067	0	0	1072	-0.740004	0.37913
263	829.715	420.097	0	0	1060.5	-0.740183	0.380756
264	830.068	419.588	0	0	1070	-0.73863	0.370517
265	829.856	419.533	0	0	1057.5	-0.737134	0.387931
266	829.827	419.547	0	0	1056	-0.737542	0.38494
267	829.96	419.302	0	0	1057	-0.736339	0.381888
268	825.031	424.161	0	0	1026.5	-0.671078	0.377139
269	820.155	429.236	0	0	1045.5	-0.575682	0.35906
270	814.868	433.48	0	0	1017	-0.545282	0.374631
271	811.13	436.264	0	0	1017.5	-0.523646	0.375802
272	812.905	434.982	0	0	1082	-0.547047	0.292686
273	809.414	437.425	0	0	1072	-0.538606	0.298709
274	806.727	439.329	0	0	1046	-0.528076	0.369147
275	807.724	438.453	0	0	1072.5	-0.549259	0.288545
276	805.344	440.08	0	0	1051	-0.536298	0.36317
277	804.696	440.312	0	0	1059.5	-0.533989	0.368368
278	804.652	440.309	0	0	1057.5	-0.534852	0.367672
279	803.961	440.691	0	0	1056	-0.523736	0.364898
280	803.619	441.226	0	0	1073.5	-0.53016	0.368676
281	804.195	441.128	0	0	1067	-0.523756	0.361084
282	804.399	440.992	0	0	1060	-0.520833	0.36182
283	804.677	440.813	0	0	1051	-0.519278	0.36317
284	804.521	440.841	0	0	1055	-0.517386	0.364553
285	804.715	440.487	0	0	1049.5	-0.519586	0.357331
286	804.535	440.478	0	0	1051	-0.519987	0.351382
287	804.335	440.491	0	0	1064	-0.51928	0.364488
288	804.572	440.309	0	0	1050.5	-0.515489	0.360777
289	804.561	440.31	0	0	1051	-0.515284	0.358748
290	804.561	440.31	0	0	1051	-0.515284	0.358748
291	804.613	440.266	0	0	1058.5	-0.515123	0.363525
292	804.626	440.285	0	0	1050	-0.513595	0.358407
293	804.477	440.574	0	0	1049	-0.508121	0.36565
294	804.417	440.719	0	0	1064.5	-0.516871	0.362438
295	804.279	441.048	0	0	1065.5	-0.514411	0.370454
296	804.279	441.048	0	0	1065.5	-0.514411	0.370454
297	804.329	441.111	0	0	1062.5	-0.514274	0.369411
298	804.443	441.115	0	0	1064.5	-0.512594	0.370106
299	804.618	441.201	0	0	1057.5	-0.510657	0.367672
300	804.806	441.102	0	0	1050	-0.513258	0.362825
301	804.817	441.082	0	0	1049.5	-0.513944	0.364891
302	804.833	440.953	0	0	1046.5	-0.511789	0.363848
303	804.833	440.953	0	0	1046.5	-0.511789	0.363848
304	804.781	440.865	0	0	1045.5	-0.511682	0.3635
305	804.85	440.657	0	0	1062	-0.515706	0.363803
306	804.622	440.648	0	0	1068.5	-0.514529	0.36828
307	804.878	440.308	0	0	1057	-0.512035	0.365244
308	804.045	440.765	0	0	1050	-0.511161	0.370559
309	804.015	440.773	0	0	1051	-0.510688	0.370912
310	804.044	440.743	0	0	1051	-0.510691	0.370912
311	804.018	440.74	0	0	1051	-0.510279	0.370912
312	804.219	440.581	0	0	1062	-0.511163	0.366971
313	804.234	440.738	0	0	1062.5	-0.513173	0.369411
314	804.261	440.808	0	0	1067.5	-0.51183	0.371149
315	804.261	440.808	0	0	1067.5	-0.51183	0.371149
316	804.711	440.696	0	0	1050.5	-0.515465	0.368443
317	804.749	440.805	0	0	1054	-0.517431	0.37197
318	804.782	440.902	0	0	1052	-0.515753	0.366696
319	804.711	441.095	0	0	1059.5	-0.51254	0.368368
320	804.66	441.058	0	0	1065	-0.511425	0.372573
321	804.66	441.058	0	0	1065	-0.511425	0.372573
322	804.638	441.139	0	0	1064.5	-0.510175	0.370106
323	804.746	440.998	0	0	1054.5	-0.513195	0.369846
324	804.492	440.906	0	0	1055	-0.512781	0.355754
325	804.439	440.893	0	0	1057	-0.512972	0.356429
326	804.358	440.891	0	0	1071	-0.515324	0.365575
327	804.34	440.887	0	0	1071.5	-0.514042	0.367989
328	804.568	440.536	0	0	1074	-0.513465	0.367914
329	803.98	440.713	0	0	1054.5	-0.512093	0.369846
330	804.237	440.558	0	0	1062.5	-0.512789	0.364898
331	804.498	440.395	0	0	1072	-0.514933	0.362776
332	803.836	440.716	0	0	1033	-0.497379	0.372981
333	803.768	440.746	0	0	1030	-0.498194	0.36727
334	794.201	445.842	0	0	952	-0.0899577	0.388671
335	785.995	447.069	0	0	957	0.063561	0.357924
336	782.759	447.27	0	0	1028.5	0.0909418	0.293369
337	776.769	446.833	0	0	1044.5	0.1475	0.29656
338	772.073	446.564	0	0	1055.5	0.188366	0.294064
339	772.162	446.546	0	0	1047.5	0.18949	0.291835
340	769.58	446.173	0	0	1072	0.202583	0.290205
341	763.482	445.369	0	0	1001.5	0.254628	0.344249
342	761.403	445.056	0	0	1003.5	0.260851	0.347946
343	756.206	444.105	0	0	924	0.151028	0.357297
344	739.729	444.883	0	0	1005.5	-0.452969	0.365903
345	739.689	444.941	0	0	1009.5	-0.454485	0.367358
346	727.752	449.666	0	0	1071.5	-0.566014	0.357341
347	718.554	454.032	0	0	1088	-0.59541	0.358871
348	714.382	455.863	0	0	1117	-0.597147	0.353784
349	706.754	459.756	0	0	1105	-0.601074	0.361404
350	700.909	462.565	0	0	1106.5	-0.597743	0.362792
351	700.932	462.598	0	0	1107.5	-0.596876	0.367507
352	696.089	464.976	0	0	1122	-0.599088	0.349527
353	692.02	466.755	0	0	1106.5	-0.596575	0.371637
354	688.842	468.116	0	0	1105.5	-0.585451	0.369987
355	686.331	469.186	0	0	1115	-0.575024	0.363401
356	685.308	469.323	0	0	1107.5	-0.5653	0.358812
357	685.305	469.339	0	0	1108.5	-0.565004	0.3549
358	683.734	469.831	0	0	1109.5	-0.554194	0.362504
359	682.744	470.211	0	0	1111.5	-0.554717	0.363157
360	682.417	470.455	0	0	1108.5	-0.550424	0.359136
361	682.982	470.353	0	0	1103.5	-0.549249	0.360543
362	683.026	470.39	0	0	1097	-0.551012	0.356287
363	683.018	470.367	0	0	1099	-0.550997	0.356937
364	683.121	470.295	0	0	1096	-0.551548	0.355963
365	682.789	470.386	0	0	1086	-0.556152	0.36
366	682.716	470.329	0	0	1089	-0.556992	0.356688
367	682.877	470.137	0	0	1101.5	-0.555074	0.36423
368	683.068	469.837	0	0	1099	-0.551186	0.359963
369	683.068	469.837	0	0	1099	-0.551186	0.359963
370	682.844	469.751	0	0	1099	-0.558074	0.364309
371	682.84	469.741	0	0	1098.5	-0.557846	0.361962
372	682.754	469.815	0	0	1105	-0.556121	0.366298
373	682.752	469.809	0	0	1098.5	-0.556669	0.361962
374	682.76	469.784	0	0	1100.5	-0.557202	0.362621
375	682.769	469.761	0	0	1098.5	-0.556895	0.361962
376	682.479	470.016	0	0	1091.5	-0.554318	0.370307
377	682.512	470.063	0	0	1096	-0.555776	0.37872
378	682.396	470.346	0	0	1087.5	-0.554997	0.370269
379	682.77	470.272	0	0	1090.5	-0.556937	0.363677
380	682.709	470.348	0	0	1093.5	-0.555523	0.364678
381	682.709	470.348	0	0	1093.5	-0.555523	0.364678
382	682.901	470.307	0	0	1090	-0.557018	0.361326
383	683.054	470.239	0	0	1085.5	-0.556882	0.357678
384	682.996	470.242	0	0	1080.5	-0.554851	0.356031
385	683.023	470.243	0	0	1079.5	-0.55533	0.355701
386	682.972	470.273	0	0	1082	-0.555065	0.354395
387	683.011	470.259	0	0	1081.5	-0.555329	0.35636
388	682.487	470.386	0	0	1074.5	-0.557478	0.365843
389	682.388	470.297	0	0	1073	-0.561663	0.363114
390	682.337	470.237	0	0	1082	-0.558367	0.370654
391	682.586	470.081	0	0	1085	-0.557092	0.364038
392	682.269	470.137	0	0	1083.5	-0.556088	0.364448
393	682.443	469.988	0	0	1076.5	-0.55359	0.365218
394	682.433	469.976	0	0	1071	-0.557569	0.365575
395	682.579	469.977	0	0	1074	-0.55285	0.366599
396	682.37	470.069	0	0	1068.5	-0.558238	0.366959
397	682.512	470.123	0	0	1061.5	-0.550876	0.364555
398	682.931	469.979	0	0	1073.5	-0.550206	0.361084
399	682.924	469.976	0	0	1074.5	-0.550146	0.361421
400	682.734	470.161	0	0	1085.5	-0.553026	0.36201
401	682.743	470.169	0	0	1082	-0.553242	0.358674
402	682.794	470.271	0	0	1083.5	-0.55223	0.361343
403	682.821	470.318	0	0	1082.5	-0.551317	0.361009
404	682.817	470.377	0	0	1082.5	-0.553432	0.35669
405	682.912	470.352	0	0	1081	-0.553546	0.358343
406	682.759	470.381	0	0	1078	-0.554281	0.357348
407	682.544	470.437	0	0	1079	-0.556421	0.360744
408	682.682	470.324	0	0	1088.5	-0.556388	0.36301
409	682.433	470.335	0	0	1079.5	-0.558047	0.367546
410	682.829	470.051	0	0	1092	-0.556548	0.363269
411	682.845	470.034	0	0	1093	-0.556818	0.363601
412	682.823	469.988	0	0	1096	-0.553917	0.360242
413	682.526	469.969	0	0	1091	-0.55746	0.358599
414	682.684	469.932	0	0	1097.5	-0.553641	0.358583
415	682.588	469.942	0	0	1072.5	-0.552939	0.363861
416	682.556	469.976	0	0	1074.5	-0.554646	0.36902
417	682.571	469.959	0	0	1072	-0.553748	0.370427
418	682.833	469.886	0	0	1072.5	-0.552867	0.360748
419	682.837	470.046	0	0	1084	-0.552867	0.363702
420	682.864	470.091	0	0	1092.5	-0.552131	0.364344
421	682.754	470.205	0	0	1082.5	-0.550648	0.361009
422	682.738	470.273	0	0	1084	-0.552569	0.359337
423	682.688	470.326	0	0	1084.5	-0.552869	0.357349
424	682.659	470.453	0	0	1088	-0.552439	0.365044
425	682.657	470.445	0	0	1089	-0.552192	0.36538
426	682.655	470.417	0	0	1089	-0.552051	0.36538
427	682.715	470.405	0	0	1093	-0.551373	0.366722
428	682.644	470.426	0	0	1083.5	-0.553163	0.361343
429	682.539	470.443	0	0	1084	-0.552427	0.363702
430	682.59	470.291	0	0	1093	-0.554657	0.366722
431	682.607	470.233	0	0	1088	-0.553293	0.365044
432	682.394	470.222	0	0	1091	-0.556729	0.373737
433	682.42	470.019	0	0	1070	-0.556339	0.369736
434	682.555	469.903	0	0	1077	-0.5543	0.372155
435	683.055	469.631	0	0	1094.5	-0.552949	0.365011
436	683.047	469.656	0	0	1093.5	-0.552261	0.364678
437	683.084	469.643	0	0	1095	-0.551817	0.362984
438	683.087	469.627	0	0	1095	-0.552466	0.362984
439	683.284	469.553	0	0	1097.5	-0.550043	0.358583
440	683.067	469.758	0	0	1102.5	-0.552282	0.357192
441	683.155	469.756	0	0	1109	-0.550755	0.361445
442	682.787	470.064	0	0	1102	-0.551644	0.369741
443	682.99	470.021	0	0	1110	-0.549595	0.364844
444	682.944	470.164	0	0	1103	-0.548525	0.362543
445	682.923	470.204	0	0	1106.5	-0.549223	0.361523
446	682.963	470.178	0	0	1108.5	-0.548465	0.362177
447	682.963	470.178	0	0	1108.5	-0.548465	0.362177
448	682.66	470.305	0	0	1099.5	-0.550686	0.366679
449	682.687	470.293	0	0	1098	-0.55055	0.368399
450	682.683	470.288	0	0	1099	-0.550958	0.368735
451	683.022	469.975	0	0	1103	-0.548763	0.358236
452	683.118	469.916	0	0	1108.5	-0.54664	0.362177
453	682.901	470.027	0	0	1102.5	-0.548271	0.367679
454	682.754	470.033	0	0	1098.5	-0.549637	0.366345
455	682.693	469.994	0	0	1094.5	-0.551984	0.365011
456	682.628	469.959	0	0	1099	-0.552446	0.364309
457	682.785	469.967	0	0	1103.5	-0.547402	0.363609
458	682.663	469.992	0	0	1105	-0.549361	0.366298
459	682.663	469.992	0	0	1105	-0.549361	0.366298
460	682.968	469.919	0	0	1119	-0.545465	0.363433
461	682.856	470.032	0	0	1110	-0.545966	0.36051
462	682.83	470.129	0	0	1109.5	-0.546939	0.362504
463	682.96	470.159	0	0	1106	-0.546007	0.363529
464	683.012	470.167	0	0	1107	-0.546081	0.363858
465	683.012	470.167	0	0	1107	-0.546081	0.363858
466	683.059	470.231	0	0	1108	-0.542137	0.364186
467	683.021	470.262	0	0	1105.5	-0.542703	0.361197
468	683.024	470.295	0	0	1096	-0.54606	0.355963
469	683.201	470.174	0	0	1105.5	-0.543599	0.356918
470	682.263	470.674	0	0	1079	-0.549167	0.368305
471	682.483	470.563	0	0	1085	-0.547392	0.36275
472	682.639	470.369	0	0	1107	-0.546075	0.356525
473	682.603	470.342	0	0	1100.5	-0.548834	0.367012
474	682.766	470.131	0	0	1100	-0.544701	0.353043
475	682.738	470.19	0	0	1100	-0.546395	0.357262
476	682.73	470.079	0	0	1108	-0.544462	0.35986
477	682.738	470.07	0	0	1104.5	-0.544401	0.356596
478	682.768	470.013	0	0	1104.5	-0.544001	0.36087
479	682.793	470.057	0	0	1108	-0.544466	0.35986
480	682.759	470.131	0	0	1108	-0.543622	0.35986
481	682.874	470.117	0	0	1102	-0.545444	0.362214
482	683.174	470.114	0	0	1102	-0.543756	0.362214
483	683.147	470.11	0	0	1104	-0.543214	0.362872
484	683.099	470.131	0	0	1103	-0.543631	0.362543
485	683.013	470.189	0	0	1104.5	-0.542275	0.36087
486	683.027	470.231	0	0	1099.5	-0.543091	0.359236
487	683.152	470.144	0	0	1113	-0.54067	0.358457
488	683.19	470.137	0	0	1113	-0.540823	0.358457
489	683.172	470.131	0	0	1115	-0.540577	0.359102
490	683.218	470.091	0	0	1114.5	-0.540319	0.35682
491	683.215	470.1	0	0	1115.5	-0.540415	0.357141
492	682.924	470.197	0	0	1102	-0.542505	0.362214
493	682.959	470.193	0	0	1105	-0.542144	0.3632
494	683.017	470.121	0	0	1110	-0.541742	0.364844
495	682.914	470.154	0	0	1107.5	-0.541373	0.36185
496	682.932	470	0	0	1102.5	-0.545328	0.36456
497	683.284	469.943	0	0	1111.5	-0.538946	0.360108
498	683.292	469.922	0	0	1111	-0.538185	0.357813
499	683.366	469.898	0	0	1113.5	-0.538035	0.3565
500	683.027	470.087	0	0	1105	-0.540213	0.358886
501	682.706	470.259	0	0	1094	-0.54065	0.358326
502	682.705	470.266	0	0	1095	-0.540706	0.358653
503	682.588	470.417	0	0	1091.5	-0.540368	0.367139
504	683.344	470.115	0	0	1124.5	-0.536656	0.35286
505	683.363	470.163	0	0	1122	-0.535302	0.354146
506	683.485	470.116	0	0	1125	-0.532746	0.355093
507	683.027	470.364	0	0	1114.5	-0.533877	0.359824
508	683.011	470.383	0	0	1115.5	-0.534322	0.360147
509	682.98	470.418	0	0	1112.5	-0.535251	0.359178
510	683.091	470.376	0	0	1118.5	-0.534331	0.361116
511	682.939	470.371	0	0	1106.5	-0.534602	0.364598
512	682.913	470.328	0	0	1102	-0.535352	0.365304
513	682.629	470.382	0	0	1093	-0.539986	0.369882
514	682.602	470.394	0	0	1090	-0.539705	0.368867
515	682.747	470.307	0	0	1095	-0.53953	0.362984
516	682.814	470.253	0	0	1097.5	-0.539293	0.361632
517	682.825	470.228	0	0	1102	-0.5395	0.356665
518	682.717	470.222	0	0	1095	-0.536515	0.358653
519	682.704	470.233	0	0	1100	-0.53596	0.360291
520	682.721	470.206	0	0	1098	-0.535537	0.359636
521	682.653	470.217	0	0	1100.5	-0.536653	0.362621
522	682.816	470.289	0	0	1098.5	-0.535102	0.361962
523	683.09	470.167	0	0	1102.5	-0.532557	0.35595
524	683.143	470.22	0	0	1112	-0.531474	0.352704
525	682.973	470.374	0	0	1100.5	-0.535183	0.362621
526	682.997	470.413	0	0	1100.5	-0.533331	0.362621
527	682.741	470.634	0	0	1091.5	-0.531192	0.362727
528	682.695	470.747	0	0	1092.5	-0.532938	0.363059
529	683.094	470.465	0	0	1097	-0.532286	0.35208
530	683.109	470.413	0	0	1102.5	-0.53202	0.35595
531	682.504	470.675	0	0	1089.5	-0.535668	0.369628
532	682.504	470.675	0	0	1089.5	-0.535668	0.369628
533	682.432	470.672	0	0	1089.5	-0.533688	0.369628
534	682.443	470.734	0	0	1087.5	-0.535594	0.36895
535	682.062	470.744	0	0	1095	-0.536666	0.366093
536	682.651	470.426	0	0	1104.5	-0.53232	0.36087
537	682.702	470.434	0	0	1104.5	-0.53255	0.36087
538	682.689	470.434	0	0	1105.5	-0.532386	0.361197
539	682.306	470.549	0	0	1094	-0.533905	0.362652
540	682.771	470.281	0	0	1113	-0.53027	0.354242
541	682.895	470.289	0	0	1110.5	-0.531364	0.35554
542	683.143	470.209	0	0	1110	-0.52761	0.350359
543	682.99	470.307	0	0	1105	-0.528858	0.355881
544	682.99	470.307	0	0	1105	-0.528858	0.355881
545	683.161	470.379	0	0	1108	-0.526933	0.349727
546	683.044	470.442	0	0	1107.5	-0.528061	0.347526
547	682.695	470.722	0	0	1086	-0.532242	0.358734
548	682.776	470.775	0	0	1093.5	-0.527471	0.359051
549	682.559	470.851	0	0	1105.5	-0.527489	0.359936
550	682.515	470.888	0	0	1104.5	-0.527915	0.35961
551	682.504	470.886	0	0	1105.5	-0.527782	0.359936
552	682.191	470.994	0	0	1088	-0.530983	0.363753
553	682.213	471.01	0	0	1086	-0.532044	0.363084
554	682.143	470.944	0	0	1083.5	-0.530566	0.364448
555	682.641	470.67	0	0	1075.5	-0.528562	0.361757
556	682.414	470.777	0	0	1069.5	-0.530538	0.367303
557	682.443	470.675	0	0	1069	-0.532133	0.364892
558	682.283	470.59	0	0	1069	-0.535287	0.364892
559	682.142	470.681	0	0	1077.5	-0.53218	0.36243
560	682.31	470.609	0	0	1072	-0.534038	0.361487
561	682.295	470.629	0	0	1080.5	-0.533451	0.366575
562	682.283	470.631	0	0	1081	-0.533252	0.364522
563	682.119	470.78	0	0	1085.5	-0.529996	0.365121
564	682.111	470.942	0	0	1081.5	-0.529529	0.363775
565	682.743	470.834	0	0	1081.5	-0.527309	0.363775
566	676.164	474.883	0	0	1039	-0.367812	0.37572
567	672.253	477.37	0	0	1028.5	-0.219987	0.378214
568	672.021	477.49	0	0	1021	-0.214049	0.381269
569	663.574	479.688	0	0	1049.5	-0.0707767	0.359456
570	659.664	480.123	0	0	1107	-0.0367404	0.308704
571	654.317	480.288	0	0	1093.5	0.00787582	0.288136
572	649.948	480.551	0	0	1081	0.041758	0.293028
573	647.822	480.484	0	0	1091	0.0636784	0.290319
574	647.789	480.5	0	0	1088	0.0637806	0.289521
575	644.843	480.289	0	0	1074.5	0.0906809	0.292858
576	643.788	480.033	0	0	1102.5	0.0958944	0.292725
577	638.443	479.605	0	0	997	0.137929	0.351415
578	635.937	478.934	0	0	930	0.10208	0.375271
579	621.561	480.277	0	0	984	-0.54461	0.373014
580	621.561	480.277	0	0	984	-0.54461	0.373014
581	612.829	484.915	0	0	1069.5	-0.666626	0.368624
582	608.764	487.603	0	0	1090.5	-0.68964	0.370742
583	601.814	492.272	0	0	1085	-0.728209	0.359144
584	596.932	495.591	0	0	1126	-0.742305	0.347407
585	591.832	499.111	0	0	1093.5	-0.760197	0.362331
586	591.869	499.081	0	0	1094	-0.760685	0.360325
587	588.977	500.932	0	0	1120	-0.763972	0.359676
588	587.804	501.284	0	0	1164.5	-0.762618	0.325408
589	584.605	503.368	0	0	1120.5	-0.765382	0.347726
590	583.916	503.308	0	0	1170	-0.756981	0.319113
591	583.098	503.307	0	0	1148	-0.762678	0.308739
592	583.187	503.187	0	0	1165.5	-0.760766	0.319628
593	581.894	504.521	0	0	1126.5	-0.779123	0.322301
594	580.007	506.262	0	0	1060.5	-0.783934	0.380756
595	580.169	506.271	0	0	1037	-0.788678	0.37662
596	579.998	506.221	0	0	1033.5	-0.788745	0.387458
597	580.127	505.893	0	0	1046	-0.793335	0.381295
598	580.124	505.891	0	0	1046.5	-0.793334	0.383896
599	579.892	506.099	0	0	1049	-0.789232	0.383806
600	581.988	503.745	0	0	1117.5	-0.803163	0.298914
601	581.833	503.966	0	0	1111	-0.80058	0.304396
602	581.842	503.847	0	0	1113.5	-0.799074	0.310152
603	582.329	503.384	0	0	1134.5	-0.806705	0.302106
604	582.091	503.646	0	0	1127.5	-0.806551	0.293867
605	582.223	503.61	0	0	1124	-0.801921	0.294524
606	582.081	503.717	0	0	1120	-0.803707	0.293476
607	581.944	504.143	0	0	1119.5	-0.800121	0.293997
608	582.106	503.994	0	0	1125.5	-0.800947	0.295572
609	580.065	506.459	0	0	1040.5	-0.782835	0.381695
610	580.113	506.443	0	0	1046.5	-0.782754	0.388804
611	582.569	503.73	0	0	1114.5	-0.80253	0.294914
612	582.054	504.29	0	0	1093.5	-0.798309	0.305978
613	582.07	504.238	0	0	1095	-0.798392	0.308099
614	582.399	503.853	0	0	1101	-0.796926	0.309787
615	582.402	503.835	0	0	1102	-0.797086	0.313536
616	582.376	503.802	0	0	1106.5	-0.795674	0.32015
617	582.286	503.915	0	0	1110	-0.797246	0.319364
618	580.919	505.208	0	0	1077	-0.787981	0.318432
619	581.01	505.081	0	0	1069.5	-0.790643	0.324301
620	581.157	504.857	0	0	1085.5	-0.78951	0.326489
621	581.306	504.619	0	0	1089	-0.790132	0.325672
622	581.294	504.607	0	0	1090	-0.790338	0.325971
623	580.476	505.503	0	0	1067	-0.786677	0.34847
624	580.195	505.877	0	0	1043.5	-0.785162	0.384219
625	580.202	505.883	0	0	1043	-0.785013	0.381611
626	579.983	506.06	0	0	1052	-0.782569	0.376727
627	580.058	506.107	0	0	1049.5	-0.781153	0.378193
628	580.103	506.126	0	0	1054	-0.782751	0.377443
629	579.672	506.661	0	0	1033	-0.784013	0.381355
630	579.699	506.673	0	0	1032	-0.782926	0.380985
631	580.079	506.307	0	0	1045.5	-0.782558	0.372068
632	579.68	506.753	0	0	1026.5	-0.781594	0.371836
633	579.598	506.814	0	0	1024.5	-0.780767	0.375826
634	579.632	506.782	0	0	1025	-0.781446	0.37364
635	579.701	506.742	0	0	1024.5	-0.782753	0.375826
636	579.408	507.115	0	0	1009.5	-0.780311	0.367591
637	579.493	506.828	0	0	993	-0.768309	0.388658
638	575.828	511.033	0	0	872	-0.223045	0.32685
639	567.937	510.305	0	0	909	0.539623	0.368475
640	567.942	510.316	0	0	907.5	0.539503	0.365431
641	564.412	507.945	0	0	969	0.61325	0.376971
642	560.091	504.284	0	0	988	0.640815	0.350479
643	556.999	501.051	0	0	1016.5	0.65892	0.354697
644	554.897	498.627	0	0	1020	0.681781	0.346411
645	552.784	496.228	0	0	1041	0.691607	0.350517
646	552.753	496.249	0	0	1044.5	0.691571	0.353839
647	546.013	489.843	0	0	999	0.779034	0.35256
648	539.234	482.44	0	0	1002	0.865768	0.380084
649	532.998	474.729	0	0	976	0.849705	0.375625
650	529.472	469.723	0	0	1003.5	0.813173	0.37964
651	526.787	465.688	0	0	1014	0.799557	0.365008
652	526.771	465.676	0	0	1016	0.79907	0.365728
653	523.942	462.269	0	0	1007	0.811902	0.386947
654	522.25	459.887	0	0	1021.5	0.821109	0.378103
655	521.746	458.964	0	0	1022	0.829966	0.372546
656	517.726	453.953	0	0	939.5	0.881566	0.39319
657	511.214	443.647	0	0	882.5	1.27775	0.388957
658	511.218	443.68	0	0	877.5	1.27669	0.386754
659	507.274	431.638	0	0	905.5	1.31487	0.362389
660	504.944	423.084	0	0	967.5	1.32856	0.339632
661	503.086	415.243	0	0	950	1.3425	0.334346
662	501.823	409.852	0	0	1009	1.34187	0.308842
663	500.179	401.927	0	0	940	1.33281	0.352886
664	500.24	401.994	0	0	936	1.33383	0.351384
665	499.683	398.307	0	0	954	1.3259	0.347317
666	499.259	395.182	0	0	965.5	1.34676	0.346212
667	496.768	382.186	0	0	836.5	1.49915	0.372068
668	494.866	368.035	0	0	919	1.32263	0.349465
669	493.934	362.739	0	0	961.5	1.33076	0.330499
670	493.902	362.909	0	0	938	1.32851	0.330122
671	491.475	350.876	0	0	934.5	1.33672	0.33094
672	489.452	341.288	0	0	960	1.34102	0.327971
673	488.206	334.216	0	0	1001.5	1.34204	0.317147
674	486.752	326.612	0	0	976	1.34582	0.329399
675	486.516	323.832	0	0	1039.5	1.35927	0.292829
676	486.521	323.983	0	0	1032.5	1.35804	0.293153
677	484.939	313.977	0	0	950.5	1.28522	0.342087
678	480.922	294.755	0	0	826	-1.48865	0.373023
679	482.772	277.262	0	0	886.5	-1.40016	0.321207
680	485.038	263.029	0	0	916.5	-1.36829	0.310097
681	487.275	250.172	0	0	928.5	-1.35148	0.295468
682	487.271	250.164	0	0	927.5	-1.3514	0.29515
683	489.727	237.372	0	0	914.5	-1.35309	0.326725
684	490.85	232.394	0	0	919.5	-1.35434	0.321614
685	492.531	224.048	0	0	900	-1.3688	0.318382
686	494.145	217.597	0	0	912.5	-1.38354	0.324821
687	495.233	213.532	0	0	905.5	-1.41106	0.314435
688	495.246	213.522	0	0	906.5	-1.40982	0.314782
689	496.507	208.698	0	0	890	-1.42483	0.326217
690	497.296	206.58	0	0	900.5	-1.42812	0.329203
691	497.665	205.247	0	0	884.5	-1.42137	0.316487
692	498.132	204.86	0	0	908.5	-1.40932	0.318243
693	498.293	204.334	0	0	907	-1.41189	0.316905
694	498.274	204.266	0	0	901.5	-1.41133	0.313046
695	498.162	204.909	0	0	888	-1.41059	0.316918
696	498.082	204.815	0	0	903.5	-1.41314	0.320445
697	498.037	205.312	0	0	920	-1.41549	0.321448
698	498.118	204.767	0	0	901	-1.41455	0.321557
699	498.219	204.564	0	0	900	-1.41784	0.324056
700	498.239	204.553	0	0	906	-1.41956	0.326216
701	498.244	204.564	0	0	905	-1.41942	0.325856
702	498.288	203.804	0	0	909	-1.41727	0.331442
703	498.302	203.802	0	0	907	-1.41743	0.330712
704	498.224	203.763	0	0	899	-1.41801	0.327795
705	498.226	203.716	0	0	898.5	-1.41799	0.329691
706	498.234	203.676	0	0	899	-1.41782	0.327795
707	498.251	203.745	0	0	898.5	-1.41811	0.322677
708	498.193	203.993	0	0	904.5	-1.41884	0.317994
709	498.207	204.023	0	0	905.5	-1.41879	0.318345
710	498.174	204.087	0	0	915.5	-1.41947	0.324701
711	498.201	204.169	0	0	913.5	-1.41901	0.323992
712	498.196	204.29	0	0	924	-1.41864	0.329766
713	498.222	204.281	0	0	923	-1.4178	0.329409
714	498.16	204.49	0	0	928	-1.41566	0.328287
715	497.896	202.399	0	0	850.5	1.5381	0.332292
716	495.276	190.812	0	0	900.5	0.916758	0.365446
717	489.376	184.225	0	0	979	0.891365	0.346762
718	484.263	178.4	0	0	988	0.903557	0.351229
719	483.988	178.138	0	0	998.5	0.899625	0.34968
720	479.988	173.568	0	0	980	0.887222	0.352769
721	477.387	170.802	0	0	1021	0.883904	0.332283
722	474.24	167.048	0	0	991.5	0.864811	0.355983
723	472.207	164.726	0	0	995	0.855291	0.351898
724	465.748	158.017	0	0	886	0.852868	0.37184
725	465.783	158.049	0	0	888.5	0.852695	0.370377
726	455.512	148.662	0	0	840.5	0.51154	0.342987
727	444.099	141.8	0	0	888	0.485924	0.327615
728	439.628	139.198	0	0	896	0.468486	0.330567
729	430.639	134.24	0	0	852.5	0.425347	0.328246
730	423.294	130.504	0	0	850	0.394867	0.321006
731	423.427	130.529	0	0	847.5	0.398164	0.322128
732	417.666	128.004	0	0	870.5	0.378376	0.306231
733	412.855	126.093	0	0	890	0.376347	0.312288
734	408.96	124.53	0	0	901	0.384944	0.312269
735	404.84	122.662	0	0	841.5	0.370454	0.325759
736	392.163	118.415	0	0	785	-0.0313619	0.332952
737	392.163	118.415	0	0	785	-0.0313619	0.332952
738	380.347	118.759	0	0	844.5	-0.186447	0.326707
739	373.036	119.267	0	0	849	-0.234873	0.31351
740	366.593	120.005	0	0	885	-0.264235	0.318171
741	362.854	120.236	0	0	896	-0.272363	0.305013
742	360.023	120.72	0	0	896	-0.280628	0.315341
743	360.089	120.753	0	0	894	-0.280235	0.314637
744	357.48	121.057	0	0	917.5	-0.280839	0.315375
745	355.602	121.27	0	0	906	-0.283598	0.309522
746	353.096	121.792	0	0	906.5	-0.298206	0.336359
747	353.917	121.585	0	0	894.5	-0.317179	0.328938
748	353.586	121.496	0	0	898	-0.320452	0.329359
749	353.562	121.51	0	0	897	-0.320155	0.328992
750	353.727	121.354	0	0	898	-0.318526	0.325228
751	353.876	121.351	0	0	890.5	-0.320424	0.32455
752	353.883	121.468	0	0	892.5	-0.320108	0.325279
753	353.956	121.464	0	0	893.5	-0.318987	0.329793
754	354.079	121.457	0	0	895	-0.317237	0.328259
755	354.079	121.457	0	0	895	-0.317237	0.328259
756	354.384	121.453	0	0	909	-0.318421	0.326302
757	354.287	121.511	0	0	908	-0.317516	0.325943
758	354.39	121.532	0	0	915	-0.316055	0.321544
759	354.457	121.579	0	0	916.5	-0.316661	0.320084
760	354.557	121.614	0	0	920	-0.31872	0.323301
761	354.519	121.576	0	0	915	-0.31831	0.321544
762	354.249	121.683	0	0	909.5	-0.319026	0.324447
763	354.173	121.596	0	0	907	-0.317405	0.321544
764	354.182	121.68	0	0	909	-0.317711	0.322253
765	354.098	121.605	0	0	899.5	-0.317036	0.31691
766	353.81	121.66	0	0	897	-0.31897	0.324866
767	353.826	121.658	0	0	897	-0.319276	0.324866
768	353.636	121.659	0	0	886.5	-0.317918	0.325996
769	353.641	121.666	0	0	882.5	-0.319893	0.324525
770	354.013	121.541	0	0	892	-0.318482	0.323055
771	354.337	121.43	0	0	896.5	-0.318107	0.319809
772	354.358	121.397	0	0	894	-0.316271	0.316935
773	354.317	121.396	0	0	894	-0.315924	0.316935
774	354.078	121.479	0	0	888	-0.316115	0.317598
775	354.008	121.493	0	0	887.5	-0.317216	0.319413
776	353.978	121.766	0	0	900.5	-0.317585	0.324091
777	354.32	121.604	0	0	904	-0.31373	0.316528
778	353.926	121.687	0	0	892.5	-0.316958	0.317221
779	353.875	121.704	0	0	890.5	-0.317273	0.31651
780	353.724	122.012	0	0	897.5	-0.314373	0.330041
781	353.94	121.745	0	0	890.5	-0.317752	0.320492
782	353.698	121.788	0	0	881	-0.316979	0.315094
783	353.834	121.696	0	0	881	-0.316783	0.315094
784	353.691	121.765	0	0	888	-0.31742	0.313664
785	353.706	121.747	0	0	888.5	-0.318071	0.315799
786	353.896	121.704	0	0	883.5	-0.319585	0.317973
787	353.913	121.683	0	0	881.5	-0.319693	0.317253
788	354.432	121.626	0	0	890	-0.313576	0.311626
789	353.901	121.615	0	0	885	-0.317063	0.316525
790	353.752	121.574	0	0	886.5	-0.312766	0.319053
791	354.061	121.476	0	0	892	-0.312082	0.3202
792	353.896	121.523	0	0	900	-0.315074	0.323072
793	354.106	121.615	0	0	908	-0.314909	0.321899
794	353.717	122.013	0	0	892	-0.311992	0.325949
795	353.961	121.756	0	0	897	-0.311394	0.320817
796	353.986	121.953	0	0	891.5	-0.319902	0.320852
797	353.629	122.074	0	0	902.5	-0.321239	0.317967
798	350.378	123.757	0	0	836.5	-0.592542	0.324335
799	345.059	128.633	0	0	903.5	-1.01861	0.337238
800	341.739	135.242	0	0	924	-1.07828	0.334856
801	340.353	138.535	0	0	940.5	-1.09301	0.33277
802	337.793	144.394	0	0	920.5	-1.13862	0.344872
803	337.679	144.442	0	0	920	-1.14027	0.346901
804	336.991	148.331	0	0	949	-1.16916	0.327234
805	336.562	150.85	0	0	935.5	-1.18854	0.324569
806	335.578	154.771	0	0	923	-1.21548	0.330825
807	335.905	155.888	0	0	924.5	-1.23543	0.329299
808	335.481	158.169	0	0	936.5	-1.25064	0.333573
809	335.719	157.607	0	0	950.5	-1.24756	0.328586
810	335.896	157.082	0	0	940	-1.24101	0.322968
811	335.606	157.277	0	0	905.5	-1.24335	0.342878
812	335.64	157.094	0	0	913.5	-1.24107	0.331199
813	335.652	157.135	0	0	914.5	-1.24019	0.331562
814	335.599	157.321	0	0	918.5	-1.24219	0.330067
815	335.59	157.377	0	0	920	-1.24287	0.332688
816	335.648	157.607	0	0	928	-1.24442	0.331401
817	335.63	157.868	0	0	926.5	-1.243	0.332942
818	335.661	157.855	0	0	929.5	-1.24309	0.341283
819	335.647	158.034	0	0	933	-1.24365	0.340408
820	335.776	157.782	0	0	941.5	-1.2409	0.338332
821	335.882	157.509	0	0	948	-1.23983	0.335572
822	335.899	157.61	0	0	943	-1.23804	0.333802
823	335.986	157.569	0	0	956.5	-1.23626	0.343723
824	336.003	157.549	0	0	954.5	-1.23496	0.343004
825	336.088	157.471	0	0	959.5	-1.23282	0.341765
826	336.114	157.332	0	0	956	-1.23384	0.3414
827	336.114	157.332	0	0	956	-1.23384	0.3414
828	336.023	157.484	0	0	954	-1.23536	0.340686
829	335.884	157.78	0	0	945	-1.23687	0.341728
830	335.902	157.714	0	0	945	-1.23561	0.344787
831	335.938	157.645	0	0	946.5	-1.23489	0.343164
832	335.804	157.768	0	0	947.5	-1.23487	0.343526
833	335.811	157.786	0	0	947	-1.23393	0.345516
834	336.265	157.218	0	0	933.5	-1.23991	0.345843
835	334.683	164.096	0	0	914	1.55126	0.326402
836	334.783	175.715	0	0	895	1.31714	0.341627
837	337.718	186.488	0	0	885	1.32044	0.335269
838	339.659	193.546	0	0	910.5	1.32819	0.32819
839	339.662	193.637	0	0	906.5	1.32737	0.326748
840	342.054	201.38	0	0	899	1.29463	0.340572
841	343.462	205.383	0	0	955	1.28905	0.326262
842	344.672	208.321	0	0	978.5	1.28175	0.323834
843	346.368	213.437	0	0	916.5	1.30534	0.332795
844	350.342	229.356	0	0	832.5	1.51672	0.345197
845	350.296	229.44	0	0	826.5	1.51672	0.33947
846	350.802	235.838	0	0	859	1.52315	0.323483
847	351.877	247.02	0	0	853	1.48923	0.33577
848	352.831	254.424	0	0	887	1.47267	0.328047
849	353.833	262.004	0	0	892	1.46445	0.334132
850	354.93	267.061	0	0	910.5	1.45305	0.3246
851	354.958	267.656	0	0	905.5	1.45665	0.322817
852	355.704	271.609	0	0	927.5	1.44971	0.331873
853	356.738	274.914	0	0	932.5	1.44664	0.326651
854	357.627	279.412	0	0	954.5	1.45826	0.338533
855	358.787	293.66	0	0	902	-1.47147	0.346693
856	358.639	303.954	0	0	930.5	-1.481	0.343231
857	358.643	304.011	0	0	931	-1.48136	0.345606
858	358.16	313.05	0	0	942	-1.50701	0.337936
859	357.937	320.475	0	0	928	-1.52042	0.335881
860	358.104	323.752	0	0	951	-1.53175	0.344205
861	358.113	328.403	0	0	949.5	-1.54765	0.337269
862	358.446	332.475	0	0	948	-1.56137	0.338844
863	358.451	332.632	0	0	951	-1.56087	0.339916
864	359.047	334.936	0	0	961.5	-1.56263	0.341532
865	359.469	337.206	0	0	939	-1.56628	0.324552
866	360.035	342.001	0	0	946	1.5165	0.357031
867	360.6	353.729	0	0	1013	1.02245	0.375706
868	364.594	361.343	0	0	1100	0.948551	0.361557
869	364.598	361.42	0	0	1092.5	0.948954	0.361254
870	368.354	367.268	0	0	1129.5	0.94967	0.341819
871	372.131	372.466	0	0	1132.5	0.948254	0.346703
872	375.014	376.347	0	0	1133	0.948641	0.344859
873	376.713	377.9	0	0	1174	0.962267	0.304753
874	377.871	379.345	0	0	1174.5	0.962677	0.301
875	377.961	379.371	0	0	1172.5	0.963709	0.297332
876	379.753	381.26	0	0	1185	0.959233	0.314269
877	381.781	383.554	0	0	1194.5	0.940735	0.312711
878	387.995	391.552	0	0	1106.5	0.846338	0.378088
879	394.756	400.098	0	0	1146.5	0.758928	0.349313
880	402.166	407.182	0	0	1149	0.793009	0.3721
881	402.209	407.193	0	0	1149	0.793278	0.376567
882	408.441	413.173	0	0	1135.5	0.792965	0.367353
883	413.477	418.065	0	0	1130	0.798735	0.376689
884	417.648	421.918	0	0	1101.5	0.814061	0.366808
885	419.846	423.5	0	0	1145	0.821407	0.313712
886	421.073	424.357	0	0	1193.5	0.820066	0.320256
887	421.078	424.345	0	0	1191.5	0.819968	0.319719
888	427.756	430.458	0	0	1044	0.794928	0.381149
889	431.894	435.034	0	0	1034	0.582269	0.362816
890	443.746	442.656	0	0	1011.5	0.261764	0.356369
891	455.913	446.521	0	0	986	0.233192	0.355787
892	464.691	449.18	0	0	996	0.221898	0.340269
893	464.712	449.19	0	0	995	0.221659	0.339928
894	469.919	450.34	0	0	1052	0.223012	0.298001
895	475.344	451.6	0	0	1061	0.217395	0.292637
896	480.532	452.414	0	0	1091.5	0.217044	0.288515
897	484.621	453.046	0	0	1090	0.211773	0.289674
898	488.247	453.504	0	0	1092.5	0.220449	0.296422
899	491.539	453.892	0	0	1085.5	0.216142	0.305787
